0 26
0 38
0 47
0 33
0 46
1 55
1 18
1 65
2 47
3 38
3 58
4 18
4 0
4 40
4 49
4 17
4 11
4 7
4 21
4 12
4 2
4 29
4 3
4 20
4 25
4 31
4 1
5 16
5 33
5 38
5 4
5 20
5 3
5 9
5 47
5 52
5 0
5 29
5 6
5 11
7 33
7 38
8 31
8 4
8 28
8 9
8 10
8 52
8 47
8 5
8 17
9 13
9 18
10 55
10 4
10 38
10 29
10 12
11 29
12 18
12 8
13 15
13 4
14 18
14 103
15 17
15 12
15 38
15 55
16 33
17 33
17 29
17 28
17 38
17 42
17 55
18 33
18 8
18 5
18 38
18 47
18 7
18 45
18 11
18 56
18 43
18 30
18 26
18 55
18 0
18 57
18 59
18 27
18 58
18 13
18 48
19 33
19 0
19 43
19 20
19 18
20 22
20 30
20 33
21 8
21 5
21 42
21 33
21 53
21 58
21 18
21 50
21 31
21 41
21 0
21 17
21 29
21 32
22 18
22 38
22 4
22 48
22 0
23 8
23 18
23 106
24 21
26 5
26 4
26 55
26 47
27 32
27 49
27 47
27 58
27 33
28 10
28 18
28 47
28 32
29 8
29 20
29 18
29 33
29 0
29 7
29 26
30 33
30 38
30 4
30 11
31 15
31 34
31 28
31 54
31 29
31 52
31 0
31 57
31 18
31 19
31 50
32 18
32 47
32 29
32 8
33 38
33 50
33 26
33 4
33 54
33 23
33 51
33 37
33 8
33 28
33 31
33 15
33 56
33 48
33 9
33 35
33 22
33 36
33 43
33 42
33 12
33 49
33 45
33 32
33 386
33 387
33 466
33 386
33 387
33 466
34 29
34 18
34 55
35 47
35 32
35 223
37 58
37 4
37 18
37 17
38 39
38 52
38 47
38 4
38 6
38 26
38 29
38 51
38 45
38 31
38 32
38 21
38 40
38 23
38 42
38 36
38 8
38 1
38 35
38 11
39 21
39 6
40 29
40 18
40 33
40 47
41 15
41 58
41 38
42 12
42 18
42 47
42 193
43 46
43 5
43 38
43 47
44 38
44 32
45 53
46 38
46 58
46 54
46 56
46 33
46 117
47 4
47 52
47 33
47 59
47 31
47 55
47 21
47 36
47 48
47 9
47 29
47 37
47 14
47 16
48 37
49 38
49 18
49 11
49 9
49 32
49 44
50 4
51 29
51 18
51 43
51 5
51 8
52 33
52 18
52 14
52 40
52 21
52 3
52 58
53 48
53 33
54 4
54 38
54 18
54 29
54 16
54 5
55 49
55 33
55 38
55 6
55 32
55 8
55 7
55 31
55 4
55 19
55 0
55 52
55 30
55 5
55 57
55 50
55 21
55 54
55 2
56 34
56 54
56 47
56 17
56 4
56 55
56 38
56 49
57 8
57 33
57 38
57 4
58 5
58 55
58 54
58 57
58 33
58 4
58 31
58 32
59 22
59 37
59 29
60 77
60 63
61 63
61 67
62 111
62 87
62 63
62 78
62 93
63 74
63 81
63 80
63 106
63 67
63 79
63 99
63 111
63 78
63 95
63 66
63 69
63 89
63 90
63 103
63 86
63 107
63 104
63 96
63 93
63 72
63 82
63 66
63 67
63 73
63 77
63 78
63 80
63 81
63 86
63 87
63 92
63 99
63 102
63 111
64 63
64 99
64 210
65 81
65 111
65 63
65 87
65 66
65 92
66 92
66 99
66 86
66 111
66 83
66 67
66 73
66 77
66 78
66 80
66 81
66 86
66 87
66 92
66 99
66 102
66 111
67 77
67 111
67 98
67 80
67 62
67 106
67 66
67 96
67 73
67 77
67 78
67 80
67 81
67 86
67 87
67 92
67 99
67 102
67 111
68 63
70 83
70 80
70 63
71 63
72 85
72 76
73 81
73 98
73 99
73 63
73 64
73 77
73 78
73 80
73 81
73 86
73 87
73 92
73 99
73 102
73 111
75 63
76 91
76 63
76 81
77 106
77 111
77 91
77 63
77 66
77 99
77 80
77 69
77 72
77 95
77 97
77 64
77 83
77 94
77 101
77 71
77 68
77 73
77 90
77 62
77 86
77 79
77 78
77 80
77 81
77 86
77 87
77 92
77 99
77 102
77 111
78 74
78 99
78 77
78 111
78 84
78 73
78 80
78 81
78 86
78 87
78 92
78 99
78 102
78 111
79 103
79 110
80 91
80 99
80 86
80 62
80 66
80 88
80 75
80 64
80 85
80 104
80 90
80 81
80 86
80 87
80 92
80 99
80 102
80 111
81 77
81 83
81 102
81 79
81 67
81 78
81 98
81 108
81 106
81 92
81 105
81 80
81 64
81 66
81 71
81 96
81 86
81 86
81 87
81 92
81 99
81 102
81 111
82 81
82 87
82 77
82 111
83 63
83 87
83 74
83 78
83 101
84 77
84 63
84 103
85 62
85 81
85 63
85 111
86 87
86 106
86 74
86 111
86 67
86 87
86 92
86 99
86 102
86 111
87 77
87 73
87 67
87 81
87 63
87 85
87 80
87 99
87 68
87 103
87 106
87 91
87 75
87 92
87 101
87 66
87 102
87 95
87 92
87 99
87 102
87 111
88 99
88 63
88 108
88 90
89 103
89 71
90 37
91 68
91 63
91 96
91 92
91 106
91 78
91 99
91 67
91 72
92 77
92 111
92 99
92 88
92 63
92 67
92 86
92 99
92 102
92 111
93 77
94 86
94 80
94 63
94 67
94 99
94 87
95 91
95 80
95 81
95 94
95 104
95 84
96 80
96 94
96 99
97 63
98 63
98 111
98 106
99 69
99 81
99 106
99 71
99 105
99 70
99 67
99 110
99 102
99 61
99 79
99 102
99 111
100 67
100 87
100 77
100 106
100 81
101 81
102 63
102 77
102 67
102 111
103 77
103 92
103 11
104 62
105 63
105 87
105 91
105 80
106 80
106 109
106 66
106 82
107 79
108 77
108 99
109 63
109 104
109 81
110 77
110 63
111 76
111 99
111 87
111 80
111 109
111 73
111 71
111 81
111 79
111 106
111 94
111 74
111 61
111 105
111 95
112 117
112 134
113 119
113 131
113 162
113 143
113 117
113 156
113 116
113 124
113 150
114 131
114 149
114 136
114 128
115 156
116 144
116 156
116 149
116 129
116 143
116 133
116 131
116 114
116 125
116 28
117 119
117 149
117 156
117 139
117 144
117 62
118 117
118 119
118 162
119 143
119 114
119 162
119 149
119 144
119 116
119 133
119 132
119 134
119 147
119 115
119 165
119 163
119 124
119 151
119 154
119 145
119 164
119 129
120 119
120 113
120 156
120 116
120 152
120 114
120 128
120 144
120 131
120 138
120 149
120 133
120 162
120 161
120 159
120 157
121 162
121 133
121 114
121 119
121 150
122 120
122 131
122 137
122 53
123 132
123 125
123 119
124 152
124 138
124 131
125 119
125 18
126 156
126 143
126 135
126 158
126 119
126 120
126 145
126 157
126 122
127 117
127 155
127 114
128 149
128 119
128 156
128 141
128 131
130 143
130 119
130 156
131 144
131 149
131 148
131 145
131 119
131 160
131 135
131 126
131 152
131 117
131 147
131 137
131 186
132 156
132 131
132 137
133 113
133 150
133 126
133 162
133 134
133 117
133 125
133 144
134 117
134 149
135 156
135 120
135 142
135 129
135 158
135 137
136 131
137 120
137 143
138 143
138 149
138 119
138 162
138 116
139 162
139 143
139 150
139 98
140 129
141 120
141 117
141 83
143 114
143 133
143 129
143 156
143 147
143 159
143 120
143 128
143 117
143 149
143 132
143 144
143 123
144 128
144 113
144 137
145 32
146 143
146 119
146 117
147 116
147 139
147 128
147 163
147 162
147 113
148 156
149 144
149 132
149 153
149 127
149 137
149 160
149 125
149 147
149 133
149 121
149 165
149 142
150 123
150 149
150 156
150 153
152 133
152 119
152 156
152 160
152 59
153 132
153 119
153 152
153 143
153 156
153 113
153 140
153 164
153 144
153 114
154 156
154 126
154 153
154 120
155 117
156 162
156 119
156 145
156 149
156 138
156 147
156 131
156 123
156 157
156 133
156 144
156 165
156 159
156 122
156 121
156 151
157 119
157 137
157 145
157 112
158 144
158 162
158 119
159 149
159 202
159 103
160 119
160 143
161 156
161 162
161 132
161 77
162 131
162 132
162 144
162 143
162 149
162 153
162 135
162 163
162 137
162 165
162 116
162 146
163 151
163 120
163 144
164 156
165 113
165 116
166 213
166 232
166 230
166 225
166 224
166 167
166 220
166 209
167 223
167 184
167 187
167 231
167 168
167 174
167 176
167 213
167 169
167 224
167 210
167 220
167 196
167 180
167 170
168 189
168 197
168 188
168 209
168 170
168 213
168 220
168 205
168 166
168 224
168 194
168 206
168 207
168 210
168 225
168 190
169 221
169 179
169 230
169 172
169 193
169 187
169 231
169 168
169 227
169 215
169 209
169 210
169 189
169 228
169 177
169 184
170 213
170 166
170 205
170 231
170 223
170 206
171 231
172 222
172 209
172 226
172 167
172 179
172 221
172 220
173 168
173 169
173 231
174 209
174 224
174 194
174 225
174 214
174 197
175 167
175 228
175 208
175 201
175 221
176 221
176 177
176 207
177 167
177 172
177 194
177 209
177 231
177 207
177 220
177 201
177 197
177 191
177 89
178 209
178 170
178 167
178 191
179 221
179 230
179 167
179 170
179 177
179 168
182 231
182 176
182 168
183 166
183 221
183 220
183 171
183 57
184 185
184 230
184 168
185 169
185 174
186 221
187 177
187 223
187 224
187 168
188 227
188 190
188 214
188 221
189 182
189 221
189 167
189 215
189 231
189 225
189 222
189 230
189 213
190 223
190 184
190 210
190 231
190 170
190 169
190 208
191 170
191 224
191 199
191 187
191 168
191 189
191 231
191 167
191 209
192 168
192 231
192 170
192 224
192 171
192 225
192 194
193 190
193 220
193 221
194 210
194 223
195 201
197 209
197 223
197 207
197 220
197 180
197 231
197 215
197 221
197 169
197 227
197 167
197 222
198 166
198 167
199 207
199 167
200 170
200 207
201 169
201 170
201 210
201 187
202 167
204 214
204 221
204 223
205 210
205 225
205 209
206 209
206 191
206 223
206 203
206 187
206 221
206 197
206 231
206 222
207 194
207 223
207 203
207 166
207 206
207 178
207 231
207 191
207 189
207 190
207 167
208 167
208 206
208 166
208 170
208 176
208 25
209 223
209 167
209 221
209 230
209 231
209 224
209 208
209 193
209 214
209 189
209 182
209 195
209 207
209 225
209 170
209 190
210 187
210 199
210 231
210 221
211 221
211 193
211 166
211 136
212 204
212 231
212 210
212 187
212 60
213 190
213 229
213 223
213 221
214 221
214 220
214 199
214 197
214 205
215 190
216 201
216 212
217 221
217 167
218 197
218 231
219 204
219 223
219 168
220 216
220 215
220 209
220 221
220 189
220 169
220 190
220 200
220 170
220 231
220 191
220 188
220 187
220 186
220 222
220 205
220 207
221 167
221 190
221 168
221 223
221 177
221 225
221 178
221 227
221 224
221 192
221 166
221 229
221 187
221 170
221 230
221 191
221 174
221 194
221 203
221 222
221 182
221 226
221 216
221 207
221 215
221 185
221 201
221 180
222 167
222 168
222 174
222 230
222 208
222 169
223 210
223 220
223 168
223 169
223 231
223 222
223 175
223 178
223 173
223 189
223 166
223 172
223 177
223 225
223 232
223 208
223 214
223 183
223 191
223 226
223 174
223 211
223 216
223 215
223 185
223 200
223 193
223 176
224 232
224 223
224 204
224 208
225 194
225 231
225 170
225 220
225 214
225 230
225 191
225 224
225 128
226 220
226 231
227 231
227 225
227 177
227 179
227 223
227 182
228 171
228 191
229 181
229 223
229 162
230 174
230 182
230 220
230 178
230 190
230 210
230 213
230 223
230 191
230 214
230 168
230 167
230 172
230 170
230 187
231 214
231 221
231 184
231 168
231 215
231 216
231 187
231 166
231 201
231 219
231 178
231 217
231 193
231 174
232 230
233 44
233 234
234 44
234 235
235 44
235 236
236 44
236 237
236 237
236 274
236 276
237 44
237 274
237 276
238 39
238 239
238 239
239 39
239 240
240 39
240 241
240 241
240 242
240 241
240 242
241 39
241 242
241 242
241 242
241 242
241 242
242 39
243 41
243 244
244 41
244 245
245 41
245 246
246 41
246 247
247 41
248 112
248 123
248 134
248 150
248 249
249 112
249 123
249 134
249 150
249 250
250 112
250 123
250 134
250 150
250 251
251 112
251 123
251 134
251 150
251 252
252 112
252 123
252 134
252 150
253 115
253 151
253 254
254 115
254 151
255 198
255 256
256 198
256 257
257 198
257 258
258 198
258 259
259 198
260 175
260 196
260 261
261 175
261 196
261 262
262 175
262 196
262 263
263 175
263 196
263 264
264 175
264 196
265 195
265 203
266 195
266 203
267 268
269 267
269 268
269 270
270 267
270 268
270 271
271 267
271 268
271 272
272 267
272 268
272 273
273 267
273 268
274 275
274 236
274 276
275 278
276 275
276 278
276 274
276 277
277 275
277 274
278 277
278 274
279 24
280 24
281 24
281 301
281 306
281 312
281 301
281 306
281 312
281 301
281 306
281 312
282 240
282 241
282 242
283 240
283 241
283 242
284 240
284 241
284 242
285 242
285 284
286 242
286 284
287 242
287 284
288 236
288 237
288 274
288 276
288 277
289 236
289 237
289 274
289 276
289 277
290 236
290 237
290 274
290 276
290 277
291 1
291 11
291 23
291 36
291 44
291 65
291 82
291 93
291 97
291 100
291 104
291 109
291 233
291 234
291 235
291 236
291 237
291 238
291 239
291 270
291 271
291 274
291 275
291 276
291 277
291 278
291 283
291 288
291 289
291 290
292 1
292 11
292 23
292 36
292 44
292 65
292 82
292 93
292 97
292 100
292 104
292 109
292 233
292 234
292 235
292 236
292 237
292 238
292 239
292 270
292 271
292 274
292 275
292 276
292 277
292 278
292 283
292 288
292 289
292 290
293 1
293 11
293 23
293 36
293 44
293 65
293 82
293 93
293 97
293 100
293 104
293 109
293 233
293 234
293 235
293 236
293 237
293 238
293 239
293 270
293 271
293 274
293 275
293 276
293 277
293 278
293 283
293 288
293 289
293 290
294 282
295 282
296 282
297 279
298 279
299 279
300 279
301 279
301 306
301 312
301 306
301 312
301 306
301 312
302 279
303 279
304 279
305 279
306 279
306 312
306 312
306 312
307 279
308 279
309 279
310 279
311 279
312 279
313 155
314 155
315 155
316 155
317 155
318 155
319 155
320 155
321 155
322 155
323 155
324 155
325 155
326 155
327 155
328 155
329 202
330 202
331 202
332 202
333 202
334 202
335 202
336 202
337 202
338 202
339 202
340 202
341 202
342 202
343 202
344 202
345 265
346 265
347 265
348 265
349 265
350 265
351 265
352 265
353 265
354 265
355 265
356 265
357 265
358 265
359 265
360 265
360 1000
361 33
362 33
363 33
364 33
365 33
366 33
367 33
368 33
369 33
370 33
371 33
372 33
373 33
374 33
375 33
376 33
377 33
378 33
379 33
380 33
381 33
382 33
383 33
384 33
385 33
386 33
386 387
386 466
386 387
386 466
387 33
387 466
387 466
388 33
389 33
390 33
391 33
392 33
392 394
392 457
393 33
394 33
394 457
395 33
396 33
397 33
398 33
399 33
400 33
401 33
402 33
403 33
404 33
405 0
405 8
405 10
405 12
405 17
405 21
405 28
405 31
405 32
405 33
405 43
405 45
405 46
405 47
405 50
405 52
405 56
405 57
405 58
406 0
406 8
406 10
406 12
406 17
406 21
406 28
406 31
406 32
406 33
406 43
406 45
406 46
406 47
406 50
406 52
406 56
406 57
406 58
407 0
407 8
407 10
407 12
407 17
407 21
407 28
407 31
407 32
407 33
407 43
407 45
407 46
407 47
407 50
407 52
407 56
407 57
407 58
408 0
408 8
408 10
408 12
408 17
408 21
408 28
408 31
408 32
408 33
408 43
408 45
408 46
408 47
408 50
408 52
408 56
408 57
408 58
409 0
409 8
409 10
409 12
409 17
409 21
409 28
409 31
409 32
409 33
409 43
409 45
409 46
409 47
409 50
409 52
409 56
409 57
409 58
410 0
410 8
410 10
410 12
410 17
410 21
410 28
410 31
410 32
410 33
410 43
410 45
410 46
410 47
410 50
410 52
410 56
410 57
410 58
411 0
411 8
411 10
411 12
411 17
411 21
411 28
411 31
411 32
411 33
411 43
411 45
411 46
411 47
411 50
411 52
411 56
411 57
411 58
412 0
412 8
412 10
412 12
412 17
412 21
412 28
412 31
412 32
412 33
412 43
412 45
412 46
412 47
412 50
412 52
412 56
412 57
412 58
413 0
413 8
413 10
413 12
413 17
413 21
413 28
413 31
413 32
413 33
413 43
413 45
413 46
413 47
413 50
413 52
413 56
413 57
413 58
414 0
414 8
414 10
414 12
414 17
414 21
414 28
414 31
414 32
414 33
414 43
414 45
414 46
414 47
414 50
414 52
414 56
414 57
414 58
415 0
415 8
415 10
415 12
415 17
415 21
415 28
415 31
415 32
415 33
415 43
415 45
415 46
415 47
415 50
415 52
415 56
415 57
415 58
416 0
416 8
416 10
416 12
416 17
416 21
416 28
416 31
416 32
416 33
416 43
416 45
416 46
416 47
416 50
416 52
416 56
416 57
416 58
417 33
418 33
419 33
420 33
421 33
422 33
423 33
424 33
425 33
426 33
427 33
428 33
429 33
430 33
431 33
432 33
433 33
434 33
435 33
436 33
437 33
438 33
439 33
440 33
441 33
442 33
443 33
444 33
445 33
446 33
447 33
448 33
449 33
450 33
451 33
452 33
453 33
454 33
455 33
456 33
457 33
458 33
459 33
460 33
461 33
462 33
463 33
464 33
465 33
466 33
467 33
468 33
469 33
470 33
471 33
472 33
473 33
474 33
475 33
476 33
477 33
478 33
479 221
480 221
481 221
482 221
483 221
484 221
485 221
486 221
487 221
488 221
489 221
490 221
491 221
492 221
493 221
494 221
495 221
496 221
497 221
498 221
499 221
500 221
501 221
502 221
503 221
504 221
505 221
506 221
507 221
508 221
509 221
510 221
511 221
512 221
513 221
514 221
515 221
516 221
517 221
518 221
519 221
520 221
521 221
522 221
523 221
524 221
525 221
526 221
527 221
528 221
529 457
530 457
531 457
532 457
533 457
534 457
535 457
536 457
537 457
538 457
539 457
540 457
541 389
542 389
543 389
544 389
545 389
546 389
547 389
548 389
549 389
550 389
551 389
552 389
553 449
554 449
555 449
556 449
557 449
558 449
559 449
560 449
561 449
562 449
563 449
564 449
565 404
566 404
567 404
568 404
569 404
570 404
571 404
572 404
573 404
574 404
575 404
576 404
577 434
578 434
579 434
580 434
581 434
582 434
583 434
584 434
585 434
586 434
587 434
588 434
589 467
590 467
591 467
592 467
593 467
594 467
595 467
596 467
597 467
598 467
599 467
600 467
601 440
602 440
603 440
604 440
605 440
606 440
607 440
608 440
609 440
610 440
611 440
612 440
613 398
614 398
615 398
616 398
617 398
618 398
619 398
620 398
621 398
622 398
623 398
624 398
625 498
626 498
627 498
628 498
629 498
630 498
631 498
632 498
633 498
634 498
635 498
636 498
637 338
637 638
637 639
637 640
637 641
637 642
637 643
637 644
637 645
637 646
637 647
637 648
638 338
639 338
640 338
641 338
642 338
643 338
644 338
645 338
646 338
647 338
648 338
649 341
649 650
649 651
649 652
649 653
649 654
649 655
649 656
649 657
649 658
649 659
649 660
650 341
651 341
652 341
653 341
654 341
655 341
656 341
657 341
658 341
659 341
660 341
661 159
661 662
661 663
661 664
661 665
661 666
661 667
661 668
661 669
661 670
661 671
661 672
662 159
663 159
664 159
665 159
666 159
667 159
668 159
669 159
670 159
671 159
672 159
673 202
673 674
673 675
673 676
673 677
673 678
673 679
673 680
673 681
673 682
673 683
673 684
674 202
675 202
676 202
677 202
678 202
679 202
680 202
681 202
682 202
683 202
684 202
685 634
685 686
685 687
685 688
685 689
685 690
685 691
685 692
685 693
685 694
685 695
685 696
686 634
686 687
686 688
686 689
686 690
686 691
686 692
686 693
686 694
686 695
686 696
687 634
687 688
687 689
687 690
687 691
687 692
687 693
687 694
687 695
687 696
688 634
688 689
688 690
688 691
688 692
688 693
688 694
688 695
688 696
689 634
689 690
689 691
689 692
689 693
689 694
689 695
689 696
690 634
690 691
690 692
690 693
690 694
690 695
690 696
691 634
691 692
691 693
691 694
691 695
691 696
692 634
692 693
692 694
692 695
692 696
693 634
693 694
693 695
693 696
694 634
694 695
694 696
695 634
695 696
696 634
697 451
697 698
697 699
697 700
697 701
697 702
697 703
697 704
697 705
697 706
697 707
697 708
698 451
698 699
698 700
698 701
698 702
698 703
698 704
698 705
698 706
698 707
698 708
699 451
699 700
699 701
699 702
699 703
699 704
699 705
699 706
699 707
699 708
700 451
700 701
700 702
700 703
700 704
700 705
700 706
700 707
700 708
701 451
701 702
701 703
701 704
701 705
701 706
701 707
701 708
702 451
702 703
702 704
702 705
702 706
702 707
702 708
703 451
703 704
703 705
703 706
703 707
703 708
704 451
704 705
704 706
704 707
704 708
705 451
705 706
705 707
705 708
706 451
706 707
706 708
707 451
707 708
708 451
709 451
709 697
709 698
709 701
709 702
709 703
709 704
709 705
709 707
709 708
709 710
709 711
709 712
709 713
709 714
709 715
709 716
709 717
709 718
709 719
709 720
710 451
710 697
710 698
710 701
710 702
710 703
710 704
710 705
710 707
710 708
710 711
710 712
710 713
710 714
710 715
710 716
710 717
710 718
710 719
710 720
711 451
711 697
711 698
711 701
711 702
711 703
711 704
711 705
711 707
711 708
711 712
711 713
711 714
711 715
711 716
711 717
711 718
711 719
711 720
712 451
712 697
712 698
712 701
712 702
712 703
712 704
712 705
712 707
712 708
712 713
712 714
712 715
712 716
712 717
712 718
712 719
712 720
713 451
713 697
713 698
713 701
713 702
713 703
713 704
713 705
713 707
713 708
713 714
713 715
713 716
713 717
713 718
713 719
713 720
714 451
714 697
714 698
714 701
714 702
714 703
714 704
714 705
714 707
714 708
714 715
714 716
714 717
714 718
714 719
714 720
715 451
715 697
715 698
715 701
715 702
715 703
715 704
715 705
715 707
715 708
715 716
715 717
715 718
715 719
715 720
716 451
716 697
716 698
716 701
716 702
716 703
716 704
716 705
716 707
716 708
716 717
716 718
716 719
716 720
717 451
717 697
717 698
717 701
717 702
717 703
717 704
717 705
717 707
717 708
717 718
717 719
717 720
718 451
718 697
718 698
718 701
718 702
718 703
718 704
718 705
718 707
718 708
718 719
718 720
719 451
719 697
719 698
719 701
719 702
719 703
719 704
719 705
719 707
719 708
719 720
720 451
720 697
720 698
720 701
720 702
720 703
720 704
720 705
720 707
720 708
721 135
721 142
721 148
721 158
721 722
721 723
721 724
721 725
721 726
721 727
721 728
721 729
721 730
721 731
721 732
722 135
722 142
722 148
722 158
722 723
722 724
722 725
722 726
722 727
722 728
722 729
722 730
722 731
722 732
723 135
723 142
723 148
723 158
723 724
723 725
723 726
723 727
723 728
723 729
723 730
723 731
723 732
724 135
724 142
724 148
724 158
724 725
724 726
724 727
724 728
724 729
724 730
724 731
724 732
725 135
725 142
725 148
725 158
725 726
725 727
725 728
725 729
725 730
725 731
725 732
726 135
726 142
726 148
726 158
726 727
726 728
726 729
726 730
726 731
726 732
727 135
727 142
727 148
727 158
727 728
727 729
727 730
727 731
727 732
728 135
728 142
728 148
728 158
728 729
728 730
728 731
728 732
729 135
729 142
729 148
729 158
729 730
729 731
729 732
730 135
730 142
730 148
730 158
730 731
730 732
731 135
731 142
731 148
731 158
731 732
732 135
732 142
732 148
732 158
733 280
733 566
733 567
733 570
733 571
733 734
733 735
733 736
733 737
733 738
733 739
733 740
733 741
733 742
733 743
733 744
734 280
734 566
734 567
734 570
734 571
734 735
734 736
734 737
734 738
734 739
734 740
734 741
734 742
734 743
734 744
735 280
735 566
735 567
735 570
735 571
735 736
735 737
735 738
735 739
735 740
735 741
735 742
735 743
735 744
736 280
736 566
736 567
736 570
736 571
736 737
736 738
736 739
736 740
736 741
736 742
736 743
736 744
737 280
737 566
737 567
737 570
737 571
737 738
737 739
737 740
737 741
737 742
737 743
737 744
738 280
738 566
738 567
738 570
738 571
738 739
738 740
738 741
738 742
738 743
738 744
739 280
739 566
739 567
739 570
739 571
739 740
739 741
739 742
739 743
739 744
740 280
740 566
740 567
740 570
740 571
740 741
740 742
740 743
740 744
741 280
741 566
741 567
741 570
741 571
741 742
741 743
741 744
742 280
742 566
742 567
742 570
742 571
742 743
742 744
743 280
743 566
743 567
743 570
743 571
743 744
744 280
744 566
744 567
744 570
744 571
745 280
745 566
745 567
745 570
745 571
745 733
745 734
745 735
745 736
745 737
745 738
745 739
745 741
745 743
745 744
745 746
745 747
745 748
745 749
745 750
745 751
745 752
745 753
745 754
745 755
745 756
746 280
746 566
746 567
746 570
746 571
746 733
746 734
746 735
746 736
746 737
746 738
746 739
746 741
746 743
746 744
746 747
746 748
746 749
746 750
746 751
746 752
746 753
746 754
746 755
746 756
747 280
747 566
747 567
747 570
747 571
747 733
747 734
747 735
747 736
747 737
747 738
747 739
747 741
747 743
747 744
747 748
747 749
747 750
747 751
747 752
747 753
747 754
747 755
747 756
748 280
748 566
748 567
748 570
748 571
748 733
748 734
748 735
748 736
748 737
748 738
748 739
748 741
748 743
748 744
748 749
748 750
748 751
748 752
748 753
748 754
748 755
748 756
749 280
749 566
749 567
749 570
749 571
749 733
749 734
749 735
749 736
749 737
749 738
749 739
749 741
749 743
749 744
749 750
749 751
749 752
749 753
749 754
749 755
749 756
750 280
750 566
750 567
750 570
750 571
750 733
750 734
750 735
750 736
750 737
750 738
750 739
750 741
750 743
750 744
750 751
750 752
750 753
750 754
750 755
750 756
751 280
751 566
751 567
751 570
751 571
751 733
751 734
751 735
751 736
751 737
751 738
751 739
751 741
751 743
751 744
751 752
751 753
751 754
751 755
751 756
752 280
752 566
752 567
752 570
752 571
752 733
752 734
752 735
752 736
752 737
752 738
752 739
752 741
752 743
752 744
752 753
752 754
752 755
752 756
753 280
753 566
753 567
753 570
753 571
753 733
753 734
753 735
753 736
753 737
753 738
753 739
753 741
753 743
753 744
753 754
753 755
753 756
754 280
754 566
754 567
754 570
754 571
754 733
754 734
754 735
754 736
754 737
754 738
754 739
754 741
754 743
754 744
754 755
754 756
755 280
755 566
755 567
755 570
755 571
755 733
755 734
755 735
755 736
755 737
755 738
755 739
755 741
755 743
755 744
755 756
756 280
756 566
756 567
756 570
756 571
756 733
756 734
756 735
756 736
756 737
756 738
756 739
756 741
756 743
756 744
757 202
757 330
757 332
757 339
757 340
757 343
757 684
757 758
757 768
758 202
758 330
758 332
758 339
758 340
758 343
758 684
758 759
759 202
759 330
759 332
759 339
759 340
759 343
759 684
759 760
760 202
760 330
760 332
760 339
760 340
760 343
760 684
760 761
761 202
761 330
761 332
761 339
761 340
761 343
761 684
761 762
762 202
762 330
762 332
762 339
762 340
762 343
762 684
762 763
763 202
763 330
763 332
763 339
763 340
763 343
763 684
763 764
764 202
764 330
764 332
764 339
764 340
764 343
764 684
764 765
765 202
765 330
765 332
765 339
765 340
765 343
765 684
765 766
766 202
766 330
766 332
766 339
766 340
766 343
766 684
766 767
767 202
767 330
767 332
767 339
767 340
767 343
767 684
767 768
768 202
768 330
768 332
768 339
768 340
768 343
768 684
769 615
769 617
769 618
769 620
769 622
769 770
769 780
770 615
770 617
770 618
770 620
770 622
770 771
771 615
771 617
771 618
771 620
771 622
771 772
772 615
772 617
772 618
772 620
772 622
772 773
773 615
773 617
773 618
773 620
773 622
773 774
774 615
774 617
774 618
774 620
774 622
774 775
775 615
775 617
775 618
775 620
775 622
775 776
776 615
776 617
776 618
776 620
776 622
776 777
777 615
777 617
777 618
777 620
777 622
777 778
778 615
778 617
778 618
778 620
778 622
778 779
779 615
779 617
779 618
779 620
779 622
779 780
780 615
780 617
780 618
780 620
780 622
781 371
781 384
781 397
781 431
781 443
781 450
781 453
781 454
781 782
781 792
782 371
782 384
782 397
782 431
782 443
782 450
782 453
782 454
782 783
783 371
783 384
783 397
783 431
783 443
783 450
783 453
783 454
783 784
784 371
784 384
784 397
784 431
784 443
784 450
784 453
784 454
784 785
785 371
785 384
785 397
785 431
785 443
785 450
785 453
785 454
785 786
786 371
786 384
786 397
786 431
786 443
786 450
786 453
786 454
786 787
787 371
787 384
787 397
787 431
787 443
787 450
787 453
787 454
787 788
788 371
788 384
788 397
788 431
788 443
788 450
788 453
788 454
788 789
789 371
789 384
789 397
789 431
789 443
789 450
789 453
789 454
789 790
790 371
790 384
790 397
790 431
790 443
790 450
790 453
790 454
790 791
791 371
791 384
791 397
791 431
791 443
791 450
791 453
791 454
791 792
792 371
792 384
792 397
792 431
792 443
792 450
792 453
792 454
793 390
793 399
793 403
793 430
793 433
793 439
793 476
793 794
793 804
794 390
794 399
794 403
794 430
794 433
794 439
794 476
794 795
795 390
795 399
795 403
795 430
795 433
795 439
795 476
795 796
796 390
796 399
796 403
796 430
796 433
796 439
796 476
796 797
797 390
797 399
797 403
797 430
797 433
797 439
797 476
797 798
798 390
798 399
798 403
798 430
798 433
798 439
798 476
798 799
799 390
799 399
799 403
799 430
799 433
799 439
799 476
799 800
800 390
800 399
800 403
800 430
800 433
800 439
800 476
800 801
801 390
801 399
801 403
801 430
801 433
801 439
801 476
801 802
802 390
802 399
802 403
802 430
802 433
802 439
802 476
802 803
803 390
803 399
803 403
803 430
803 433
803 439
803 476
803 804
804 390
804 399
804 403
804 430
804 433
804 439
804 476
805 542
805 544
805 545
805 546
805 547
805 548
805 551
805 552
805 806
805 809
806 542
806 544
806 545
806 546
806 547
806 548
806 551
806 552
806 807
807 542
807 544
807 545
807 546
807 547
807 548
807 551
807 552
807 808
808 542
808 544
808 545
808 546
808 547
808 548
808 551
808 552
808 809
809 542
809 544
809 545
809 546
809 547
809 548
809 551
809 552
810 389
810 555
810 811
810 814
811 389
811 555
811 812
812 389
812 555
812 813
813 389
813 555
813 814
814 389
814 555
815 479
815 489
815 490
815 493
815 513
815 514
815 526
815 816
815 819
816 479
816 489
816 490
816 493
816 513
816 514
816 526
816 817
817 479
817 489
817 490
817 493
817 513
817 514
817 526
817 818
818 479
818 489
818 490
818 493
818 513
818 514
818 526
818 819
819 479
819 489
819 490
819 493
819 513
819 514
819 526
820 483
820 485
820 491
820 496
820 497
820 505
820 821
820 824
821 483
821 485
821 491
821 496
821 497
821 505
821 822
822 483
822 485
822 491
822 496
822 497
822 505
822 823
823 483
823 485
823 491
823 496
823 497
823 505
823 824
824 483
824 485
824 491
824 496
824 497
824 505
825 221
826 221
827 221
828 221
829 221
830 221
831 221
832 221
833 221
834 221
835 221
836 221
837 221
838 221
839 221
840 221
841 221
842 221
843 221
844 221
845 221
846 221
847 221
848 221
849 221
850 221
851 221
852 221
853 221
854 221
855 221
856 221
857 221
858 221
859 221
860 221
861 221
862 221
863 221
864 221
865 221
866 221
867 221
868 221
869 221
870 221
871 221
872 221
873 221
874 221
875 375
876 879
877 880
878 883
878 879
878 396
879 883
880 882
880 879
880 883
880 881
880 383
881 375
882 876
882 878
882 883
882 877
882 375
883 875
884 221
884 226
884 227
885 221
885 226
885 227
886 221
886 226
886 227
887 221
887 226
887 227
888 221
888 226
888 227
889 221
889 226
889 227
890 221
890 226
890 227
891 221
891 226
891 227
892 221
892 226
892 227
893 221
893 226
893 227
894 221
894 226
894 227
895 221
895 226
895 227
896 221
896 226
896 227
897 221
897 226
897 227
898 221
898 226
898 227
899 221
899 226
899 227
900 221
900 226
900 227
901 221
901 226
901 227
902 221
902 226
902 227
903 221
903 226
903 227
904 221
904 226
904 227
905 221
905 226
905 227
906 221
906 226
906 227
907 221
907 226
907 227
908 221
908 226
908 227
909 221
909 226
909 227
910 221
910 226
910 227
911 221
911 226
911 227
912 221
912 226
912 227
913 221
913 226
913 227
914 221
914 226
914 227
915 221
915 226
915 227
916 221
916 226
916 227
917 221
917 226
917 227
918 221
918 226
918 227
919 221
919 226
919 227
920 221
920 226
920 227
921 221
921 226
921 227
922 221
922 226
922 227
923 221
923 226
923 227
924 221
924 226
924 227
925 221
925 226
925 227
926 221
926 226
926 227
927 221
927 226
927 227
928 221
928 226
928 227
929 221
929 226
929 227
930 221
930 226
930 227
931 221
931 226
931 227
932 221
932 226
932 227
933 221
933 226
933 227
934 221
935 221
936 221
937 221
938 221
939 221
940 221
941 221
942 221
943 221
944 221
945 221
946 221
947 221
948 221
949 221
950 221
951 221
952 221
953 221
954 221
955 221
956 221
957 221
958 221
959 221
960 221
961 221
962 221
963 221
964 221
965 221
966 221
967 221
968 221
969 221
970 221
971 221
972 221
973 221
974 221
975 221
976 221
977 221
978 221
979 221
980 221
981 221
982 221
983 221
984 206
984 223
985 206
985 223
986 206
986 223
987 206
987 223
988 206
988 223
989 206
989 223
990 206
990 223
991 206
991 223
992 206
992 223
993 206
993 223
994 206
994 223
995 206
995 223
996 206
996 223
997 206
997 223
998 206
998 223
999 206
999 223
1000 1002
1000 1001
1000 1003
1001 1004
1001 1003
1002 1001
1002 1003
